15 47 14 1 57 37 1 9 10 2 12 5
30 33 3 6 47 26 8 1 31 21 18 19
43 25 28 31 23 21 2 40 24 27 26 22
36 10 38 53 9 15 60 34 16 23 13 14
22 2 50 45 5 1 54 21 3 14 7 8
9 16 47 43 28 7 48 15 8 10 3 2
5 6 51 10 55 30 41 21 21 4 25 11
1 20 41 15 39 34 31 29 18 25 14 23
19 31 34 4 59 10 25 26 28 29 1 16
12 35 24 22 16 4 20 17 13 18 10 1
7 42 19 18 11 17 14 5 6 12 4 3
26 45 9 37 2 32 38 39 1 7 23 21
11 37 5 50 32 13 51 36 14 3 15 18
34 27 17 33 42 6 58 23 26 16 5 12
28 18 21 25 51 24 46 3 22 8 20 7
24 13 30 12 53 19 35 7 17 28 9 4
17 4 36 8 34 35 27 19 11 22 6 1
3 8 44 29 19 5 22 24 30 17 2 1
32 23 49 40 14 3 18 41 9 13 22 10
38 37 7 45 12 23 6 27 4 9 15 17
21 44 26 35 30 29 3 13 19 5 11 9
11 46 12 20 36 27 33 4 29 26 8 6
40 1 32 3 44 9 56 31 15 24 21 13
29 11 40 52 49 16 45 38 7 19 17 15
14 22 46 27 21 36 39 25 23 15 24 20