0110101101010001101100101100101001100111101
10001100111110100011001110110011101101010000111
001101010000110110101110100110010111000100000010101
00100110000010000111000110110010100011001101111100111
11111100010100001100100000100101001010010000011111111001010
1110101000101011100111111100001110101
0100111001110101000010111111010110001010100010100001010000011
11000110000100111000110010001110011010001
1011100001100010101011111010011
00001101101011101001100101110
10110010110010100110011110
001010010000011111111001